MUSIC_PATH=music\glorious2.wav
LIFE=1
MONEY=80
PATH=1R3U6R5D2L3U2L5D1R1D8R1U1R5U2L3D2L5U6R3D1R
PADDING=2,2,0,0
WATER=0
WAVES=[(1,0.20000000000000015)_(1,0.20000000000000015)_(1,0.20000000000000015)_(1,0.20000000000000015)_(1,0.20000000000000015)_(1,0.20000000000000015)_(1,0.20000000000000015)];[(2,1.0)_(2,1.0)_(2,1.0)];[(4,1.0)_(4,1.0)_(4,0.8)_(4,0.6000000000000001)_(2,1.0)];[(6,1.0)_(6,1.0)];[(8,1.0)];[(3,1.0)_(3,1.0)_(3,1.0)_(9,1.0)_(9,1.0)];[(4,0.6000000000000001)_(4,0.6000000000000001)_(4,0.6000000000000001)_(4,0.6000000000000001)_(4,0.6000000000000001)_(3,0.20000000000000015)_(3,0.20000000000000015)];[(3,0.6000000000000001)_(3,0.6000000000000001)_(3,0.6000000000000001)_(3,0.6000000000000001)_(3,0.30000000000000016)_(3,0.30000000000000016)_(3,0.30000000000000016)];[(2,0.10000000000000014)_(2,0.10000000000000014)_(2,0.10000000000000014)_(2,0.10000000000000014)_(2,0.10000000000000014)_(2,0.10000000000000014)];[(10,1.0)_(10,1.0)_(10,1.0)_(10,1.0)];[(1,0.10000000000000014)_(1,0.10000000000000014)_(1,0.10000000000000014)_(1,0.10000000000000014)_(1,0.10000000000000014)_(1,0.10000000000000014)_(1,0.10000000000000014)_(1,0.10000000000000014)_(1,0.10000000000000014)_(1,0.10000000000000014)_(1,0.10000000000000014)_(1,0.10000000000000014)_(1,0.10000000000000014)_(1,0.10000000000000014)_(8,1.0)];[(9,0.40000000000000013)_(9,0.5000000000000001)_(9,0.5000000000000001)_(9,0.5000000000000001)_(9,0.30000000000000016)_(9,0.30000000000000016)_(9,0.30000000000000016)];[(10,1.0)_(10,1.0)_(10,1.0)_(10,1.0)_(10,1.0)_(10,1.0)];[(8,0.5000000000000001)_(8,0.6000000000000001)_(8,0.7000000000000001)_(8,0.7000000000000001)_(7,0.6000000000000001)_(7,0.6000000000000001)];[(7,0.6000000000000001)_(7,0.6000000000000001)_(7,0.6000000000000001)_(4,0.10000000000000014)_(4,0.10000000000000014)_(4,0.10000000000000014)_(10,1.0)_(10,1.0)_(10,0.20000000000000015)_(9,0.10000000000000014)_(9,0.10000000000000014)_(9,0.10000000000000014)_(9,0.10000000000000014)_(8,0.10000000000000014)]
PLANTS=2