MUSIC_PATH=music\glorious.wav
LIFE=10
MONEY=100
PATH=1D3R3D3L3D3R2D2R2U3R3U3L3U3R1U
PADDING=0,1,1,1
WATER=1
WAVES=[(1,0.6000000000000001)_(1,0.6000000000000001)_(1,0.6000000000000001)_(1,0.6000000000000001)_(1,0.6000000000000001)_(1,0.6000000000000001)_(1,0.6000000000000001)_(1,0.6000000000000001)_(1,0.6000000000000001)_(1,0.6000000000000001)_(1,0.6000000000000001)];[(1,0.10000000000000014)_(1,0.10000000000000014)_(1,0.10000000000000014)_(1,0.10000000000000014)_(9,1.0)_(9,1.0)_(4,1.0)_(4,0.5000000000000001)_(4,0.5000000000000001)];[(9,0.5000000000000001)_(9,0.7000000000000001)_(9,1.0)_(9,0.7000000000000001)_(9,0.5000000000000001)];[(3,0.6000000000000001)_(3,0.6000000000000001)_(3,0.6000000000000001)_(2,1.0)_(2,1.0)_(1,0.20000000000000015)_(1,0.20000000000000015)_(1,0.20000000000000015)_(1,0.20000000000000015)_(1,0.20000000000000015)_(1,0.20000000000000015)_(1,0.20000000000000015)_(1,0.20000000000000015)_(1,0.20000000000000015)];[(10,1.0)_(1,0.10000000000000014)_(1,0.10000000000000014)_(1,0.10000000000000014)_(1,0.10000000000000014)_(1,0.10000000000000014)_(1,0.10000000000000014)];[(4,1.0)_(4,1.0)_(4,1.0)_(9,1.0)_(9,1.0)_(9,1.0)];[(10,1.0)_(10,4.0)];[(1,0.10000000000000014)_(1,0.10000000000000014)_(1,0.10000000000000014)_(1,0.10000000000000014)_(1,0.10000000000000014)_(1,0.10000000000000014)_(1,0.10000000000000014)_(1,0.10000000000000014)_(1,0.10000000000000014)_(1,0.10000000000000014)_(1,0.10000000000000014)];[(5,1.0)_(5,1.0)_(5,1.0)_(5,1.0)];[(10,1.0)_(10,4.0)_(10,4.0)]
PLANTS=2